#HIKROBOT
image_width: 1280
image_height: 1024
camera_name: narrow_stereo
camera_matrix:
  rows: 3
  cols: 3
  #data: [2052.746291, 0.000000 , 632.808368, 0.000000 , 2053.098182 , 492.690794, 0.000000 , 0.000000 , 1.000000]
  #data: [1581.139492, 0.000000, 633.619112, 0.000000, 1579.114225, 493.071032, 0.000000, 0.000000, 1.000000]
  data: [1808.8370517157168, 0.0, 728.1854729069224, 0.0, 1807.2038547055993, 562.8003949542003, 0.0, 0.0, 1.0]
distortion_model: plumb_bob
distortion_coefficients:
  rows: 1
  cols: 5
  #data: [-0.118523 ,0.458403 ,0.000638 ,-0.000140 ,0.000000]
  #data: [-0.088083, 0.201701, -0.001292, 0.000470, 0.000000]
  data: [-0.07470392439867633, 0.15359684443671318, -0.0009296405368634742, -0.000831270613472854, 0.0]
rectification_matrix:
  rows: 3
  cols: 3
  data: [1.000000, 0.000000, 0.000000, 0.000000, 1.000000, 0.000000, 0.000000, 0.000000, 1.000000]
projection_matrix:
  rows: 3
  cols: 4
  #data: [2037.403076, 0.000000 , 632.258803, 0.000000, 0.000000 , 2039.580933, 492.309074 , 0.000000, 0.000000 , 0.000000 , 1.000000, 0.000000]
  #data: [1566.724731, 0.000000, 633.605086, 0.000000, 0.000000, 1566.209351, 491.747884, 0.000000, 0.000000, 0.000000, 1.000000, 0.000000]
  data: [1793.1104736328125, 0.0, 727.0153347192536, 0.0, 0.0, 1795.729248046875, 562.0169509588159, 0.0, 0.0, 0.0, 1.0, 0.0]
